< 15 0.23 0.23 0.35 0.35 - - - - - - - -
15 бл 65 1.41 1.64 1.84 2.19 0.6636 80.2 0.3 73.8 0.4 1.3762 12.4 15.26
65 бл 80 0.46 2.10 0.56 2.75 0.7093 66.7 0.2 124.1 0.4 1.3972 12.0 22.18
80 бл 100 0.78 2.88 0.93 3.68 0.7196 63.9 <0.2 167.0 0.4 1.4022 12.0 20.25
100 бл 120 0.70 3.58 0.83 4.50 0.7295 61.3 <0.2 185.1 0.5 1.4073 12.0 17.92
120 бл 140 1.26 4.84 1.47 5.97 0.7418 58.1 0.2 194.0 0.8 1.4144 12.0 17.41
140 бл 165 1.85 6.69 2.11 8.08 0.7559 54.6 1.001 0.842 0.2 207.7 1.0 60.2 1.4221 12.0 17.67 76.65
165 бл 180 1.22 7.91 1.37 9.45 0.7673 51.9 1.205 0.932 0.2 220 1.1 61.5 1.4283 12.0 17.91 74.02
180 бл 200 2.20 10.11 2.43 11.88 0.7819 48.5 1.464 1.113 0.5 224 1.5 <-50 61.8 1.4355 12.0 20.67 69.45
200 бл 220 1.85 11.96 2.01 13.89 0.7945 45.7 1.982 1.456 0.8 192 4.4 -41 66.9 1.4430 11.9 22.25 69.60
220 бл 240 2.15 14.11 2.30 16.20 0.8033 43.7 2.496 1.761 1.3 161 7.3 -30 69.8 1.4486 12.0 22.40 68.95
240 бл 250 1.16 15.27 1.24 17.43 0.8101 42.3 3.018 2.068 1.9 164 8.1 -26 71.6 1.4528 12.0 22.80 68.03
250 бл 270 2.34 17.61 2.48 19.91 0.8141 41.4 3.690 2.454 1.060 2.8 192 8.5 -18 74.7 1.4550 12.0 22.04 68.98 0.819
270 бл 300 4.28 21.99 4.50 24.41 0.8205 40.1 5.289 3.308 1.340 4.2 312 13.0 -8 80.1 1.4584 12.1 20.97 70.65 0.810
300 бл 320 2.68 24.57 2.82 27.22 0.8202 40.2 7.781 4.585 1.672 4.4 397 26.8 10 88.3 1.4588 12.3 17.09 76.69 0.799
320 бл 350 6.47 31.04 6.72 33.95 0.8301 38.1 12.48 6.181 2.047 4.7 478 78.8 18 91.1 1.4651 12.4 18.33 74.74 0.801
350 бл 380 5.57 36.61 5.73 39.68 0.8380 36.6 9.323 2.678 0.08* 544 185 30 1.4478 12.4 18.29 77.30 0.801
380 бл 400 4.26 40.87 4.35 44.03 0.8449 35.2 13.30 3.360 0.06 609 292 38 1.4516 12.5 18.66 0.801
400 бл 425 3.66 44.53 3.67 47.70 0.8606 32.2 4.790 0.05 777 543 42 1.4590 12.4 23.66 0.810
425 бл 450 3.63 48.16 3.58 51.28 0.8713 30.2 6.049 0.05 890 688 46 1.4646 12.4 26.20 0.813
450 бл 470 4.34 52.50 4.29 55.57 0.8728 29.9 6.888 0.05 928 746 48 1.4660 12.5 24.81 0.813
470 бл 500 5.57 58.07 5.46 61.03 0.8792 28.8 8.850 0.05 1100 996 >50 1.4696 12.6 25.63 0.814
500 бл 520 2.72 60.79 2.66 63.68 0.8839 27.9 11.42 0.05 1200 1200 1.4730 12.6 25.80 0.813
520 бл 540 2.85 63.64 2.77 66.46 0.8876 27.3 13.58 <0.05 1400 1500 1.4757 12.7 26.00 0.813
> 540 36.36 100.0 33.54 100.0 0.9293 20.2 1900 3600

